TABLE NO.     1: First Order Conditional Estimation with Interaction: Problem=1 Subproblem=0 Superproblem1=0 Iteration1=0 Superproblem2=0 Iteration2=0
 NAME         THETA1       THETA2       THETA3       THETA4       THETA5       THETA6       THETA7       SIGMA(1,1)   SIGMA(2,1)   SIGMA(2,2)   OMEGA(1,1)   OMEGA(2,1)   OMEGA(2,2)   OMEGA(3,1)   OMEGA(3,2)   OMEGA(3,3)
 THETA1        9.27080E-01  3.88750E-01  2.15765E-01  1.26770E-01 -7.46131E-02 -3.88995E-01 -5.64322E-01 -1.04022E-01  0.00000E+00  3.28708E-01  1.34580E-01 -8.11635E-03 -1.49959E-01 -2.88194E-01 -2.07218E-01 -2.22356E-01
 THETA2        3.88750E-01  2.17764E+00  5.83910E-01  7.68382E-01  1.02839E-01 -1.01514E-01  9.36786E-02 -2.66727E-01  0.00000E+00  1.29634E-01  5.39713E-02 -3.16545E-01 -3.58418E-01 -4.47880E-01 -3.83860E-01  1.35894E-01
 THETA3        2.15765E-01  5.83910E-01  5.25283E-03  7.89743E-01 -2.44012E-01 -1.75064E-01 -7.66958E-02 -3.63167E-01  0.00000E+00  1.66082E-01  1.25216E-02 -3.88506E-01 -4.74658E-01 -6.41537E-01 -3.91755E-01  3.33057E-01
 THETA4        1.26770E-01  7.68382E-01  7.89743E-01  5.35797E-01  1.53908E-02 -1.74390E-01  8.58956E-02 -2.18096E-01  0.00000E+00  7.00596E-02  1.64510E-01 -3.63539E-01 -4.63972E-01 -4.23822E-01 -3.13312E-01  3.54588E-01
 THETA5       -7.46131E-02  1.02839E-01 -2.44012E-01  1.53908E-02  2.37452E+01  2.84379E-01 -7.92400E-02  3.56736E-01  0.00000E+00 -2.64305E-01  2.36205E-01  2.11861E-01  3.67426E-02 -1.15540E-02  2.34085E-01 -8.89070E-02
 THETA6       -3.88995E-01 -1.01514E-01 -1.75064E-01 -1.74390E-01  2.84379E-01  1.14056E-01  1.48963E-02  1.96356E-01  0.00000E+00 -1.36074E-01  2.96659E-01  8.35785E-02  1.67533E-01 -2.33411E-01 -3.56771E-02 -1.82528E-01
 THETA7       -5.64322E-01  9.36786E-02 -7.66958E-02  8.58956E-02 -7.92400E-02  1.48963E-02  3.36790E-01  6.44243E-02  0.00000E+00 -2.19652E-01 -4.27676E-01 -2.78695E-01  1.59367E-03  3.66761E-01 -6.84775E-02  1.47725E-02
 SIGMA(1,1)   -1.04022E-01 -2.66727E-01 -3.63167E-01 -2.18096E-01  3.56736E-01  1.96356E-01  6.44243E-02  5.38135E-03  0.00000E+00 -5.06359E-01 -8.05047E-02 -5.74118E-02 -1.53824E-02  4.91077E-02 -4.22711E-02 -1.90129E-01
 SIGMA(2,1)    0.00000E+00  0.00000E+00  0.00000E+00  0.00000E+00  0.00000E+00  0.00000E+00  0.00000E+00  0.00000E+00  0.00000E+00  0.00000E+00  0.00000E+00  0.00000E+00  0.00000E+00  0.00000E+00  0.00000E+00  0.00000E+00
 SIGMA(2,2)    3.28708E-01  1.29634E-01  1.66082E-01  7.00596E-02 -2.64305E-01 -1.36074E-01 -2.19652E-01 -5.06359E-01  0.00000E+00  6.76087E-02  9.43318E-02  1.25654E-01  4.37707E-02 -1.22345E-01  3.99700E-02 -1.63254E-01
 OMEGA(1,1)    1.34580E-01  5.39713E-02  1.25216E-02  1.64510E-01  2.36205E-01  2.96659E-01 -4.27676E-01 -8.05047E-02  0.00000E+00  9.43318E-02  4.88369E-02  5.00758E-01  1.71098E-01 -1.41623E-01  2.31716E-01 -7.38427E-02
 OMEGA(2,1)   -8.11635E-03 -3.16545E-01 -3.88506E-01 -3.63539E-01  2.11861E-01  8.35785E-02 -2.78695E-01 -5.74118E-02  0.00000E+00  1.25654E-01  5.00758E-01  3.19144E-02  8.19636E-01  2.11540E-01  3.97193E-01 -3.10079E-01
 OMEGA(2,2)   -1.49959E-01 -3.58418E-01 -4.74658E-01 -4.63972E-01  3.67426E-02  1.67533E-01  1.59367E-03 -1.53824E-02  0.00000E+00  4.37707E-02  1.71098E-01  8.19636E-01  3.13616E-02  3.34185E-01  1.69156E-01 -3.86368E-01
 OMEGA(3,1)   -2.88194E-01 -4.47880E-01 -6.41537E-01 -4.23822E-01 -1.15540E-02 -2.33411E-01  3.66761E-01  4.91077E-02  0.00000E+00 -1.22345E-01 -1.41623E-01  2.11540E-01  3.34185E-01  2.00776E-02  5.95668E-01 -1.50575E-01
 OMEGA(3,2)   -2.07218E-01 -3.83860E-01 -3.91755E-01 -3.13312E-01  2.34085E-01 -3.56771E-02 -6.84775E-02 -4.22711E-02  0.00000E+00  3.99700E-02  2.31716E-01  3.97193E-01  1.69156E-01  5.95668E-01  1.34244E-02 -1.11560E-01
 OMEGA(3,3)   -2.22356E-01  1.35894E-01  3.33057E-01  3.54588E-01 -8.89070E-02 -1.82528E-01  1.47725E-02 -1.90129E-01  0.00000E+00 -1.63254E-01 -7.38427E-02 -3.10079E-01 -3.86368E-01 -1.50575E-01 -1.11560E-01  1.61816E-02
