TABLE NO.     1: First Order Conditional Estimation with Interaction: Problem=1 Subproblem=0 Superproblem1=0 Iteration1=0 Superproblem2=0 Iteration2=0
 NAME         THETA1       THETA2       THETA3       THETA4       THETA5       THETA6       THETA7       SIGMA(1,1)   SIGMA(2,1)   SIGMA(2,2)   OMEGA(1,1)   OMEGA(2,1)   OMEGA(2,2)   OMEGA(3,1)   OMEGA(3,2)   OMEGA(3,3)
 THETA1        8.48477E+00 -2.89252E+00 -5.45693E+02  1.10127E+01  2.48283E-03  2.99144E+01  1.34162E+01 -3.33919E+02  0.00000E+00 -1.77200E+01 -4.30416E+01  4.67209E+01 -1.44120E+00 -1.08640E+02  1.27551E+02  1.01581E+02
 THETA2       -2.89252E+00  1.79210E+00  3.37834E+02 -6.69623E+00 -1.25595E-02 -8.40747E+00 -5.02156E+00  2.21319E+02  0.00000E+00  7.04418E+00  1.75248E+01 -8.76258E+00 -1.50873E+00  7.22404E+01 -3.72930E+01 -1.21782E+01
 THETA3       -5.45693E+02  3.37834E+02  3.22364E+05 -2.81883E+03  9.99659E+00 -6.40058E+02 -9.13698E+02  8.45873E+04  0.00000E+00  3.29824E+03  6.95163E+03  1.05870E+03 -2.11910E+03  5.15723E+04 -2.95757E+04  9.80351E+02
 THETA4        1.10127E+01 -6.69623E+00 -2.81883E+03  4.40409E+01 -7.73912E-02  4.86766E+01  1.25015E+01 -9.55565E+02  0.00000E+00 -4.24933E+01 -1.54460E+02  1.25922E+02 -2.73218E+01 -3.58099E+02  2.59542E+02 -1.10419E+01
 THETA5        2.48283E-03 -1.25595E-02  9.99659E+00 -7.73912E-02  3.70659E-03 -2.27253E-01  3.32391E-02 -3.24260E+00  0.00000E+00  2.47148E-01  5.42648E-01 -1.86943E+00  1.29209E+00  7.43172E-01 -1.67612E+00  1.62633E-01
 THETA6        2.99144E+01 -8.40747E+00 -6.40058E+02  4.86766E+01 -2.27253E-01  3.13846E+02  2.22419E+01 -8.63465E+02  0.00000E+00 -4.93436E+01 -4.65151E+02  1.05189E+03 -7.30918E+02  7.22364E+02 -2.62215E+02  4.14563E+02
 THETA7        1.34162E+01 -5.02156E+00 -9.13698E+02  1.25015E+01  3.32391E-02  2.22419E+01  4.07044E+01 -5.51969E+02  0.00000E+00 -1.77226E+01  7.66664E-01  3.72503E+01  1.70784E+01 -4.20770E+02  3.08370E+02  1.73869E+02
 SIGMA(1,1)   -3.33919E+02  2.21319E+02  8.45873E+04 -9.55565E+02 -3.24260E+00 -8.63465E+02 -5.51969E+02  9.50258E+04  0.00000E+00  3.27783E+03  2.89167E+03 -6.36810E+02  1.58070E+03  1.43341E+04 -3.53089E+03  4.44247E+03
 SIGMA(2,1)    0.00000E+00  0.00000E+00  0.00000E+00  0.00000E+00  0.00000E+00  0.00000E+00  0.00000E+00  0.00000E+00  0.00000E+00  0.00000E+00  0.00000E+00  0.00000E+00  0.00000E+00  0.00000E+00  0.00000E+00  0.00000E+00
 SIGMA(2,2)   -1.77200E+01  7.04418E+00  3.29824E+03 -4.24933E+01  2.47148E-01 -4.93436E+01 -1.77226E+01  3.27783E+03  0.00000E+00  4.16322E+02  1.77855E+02 -2.36954E+02  1.20020E+02  6.98345E+02 -5.70067E+02  3.15501E+02
 OMEGA(1,1)   -4.30416E+01  1.75248E+01  6.95163E+03 -1.54460E+02  5.42648E-01 -4.65151E+02  7.66664E-01  2.89167E+03  0.00000E+00  1.77855E+02  1.73173E+03 -2.80323E+03  1.74539E+03 -2.51213E+02 -3.42430E+01 -1.02137E+02
 OMEGA(2,1)    4.67209E+01 -8.76258E+00  1.05870E+03  1.25922E+02 -1.86943E+00  1.05189E+03  3.72503E+01 -6.36810E+02  0.00000E+00 -2.36954E+02 -2.80323E+03  1.19787E+04 -9.40770E+03  5.64180E+03 -7.18889E+03  1.03575E+02
 OMEGA(2,2)   -1.44120E+00 -1.50873E+00 -2.11910E+03 -2.73218E+01  1.29209E+00 -7.30918E+02  1.70784E+01  1.58070E+03  0.00000E+00  1.20020E+02  1.74539E+03 -9.40770E+03  9.28501E+03 -5.70127E+03  7.47488E+03  1.17897E+03
 OMEGA(3,1)   -1.08640E+02  7.22404E+01  5.15723E+04 -3.58099E+02  7.43172E-01  7.22364E+02 -4.20770E+02  1.43341E+04  0.00000E+00  6.98345E+02 -2.51213E+02  5.64180E+03 -5.70127E+03  1.96477E+04 -1.47186E+04 -1.04567E+02
 OMEGA(3,2)    1.27551E+02 -3.72930E+01 -2.95757E+04  2.59542E+02 -1.67612E+00 -2.62215E+02  3.08370E+02 -3.53089E+03  0.00000E+00 -5.70067E+02 -3.42430E+01 -7.18889E+03  7.47488E+03 -1.47186E+04  2.21661E+04  1.68926E+03
 OMEGA(3,3)    1.01581E+02 -1.21782E+01  9.80351E+02 -1.10419E+01  1.62633E-01  4.14563E+02  1.73869E+02  4.44247E+03  0.00000E+00  3.15501E+02 -1.02137E+02  1.03575E+02  1.17897E+03 -1.04567E+02  1.68926E+03  7.41691E+03
