TABLE NO.     1: First Order Conditional Estimation with Interaction: Problem=1 Subproblem=0 Superproblem1=0 Iteration1=0 Superproblem2=0 Iteration2=0
 NAME         THETA1       THETA2       THETA3       THETA4       THETA5       THETA6       THETA7       SIGMA(1,1)   SIGMA(2,1)   SIGMA(2,2)   OMEGA(1,1)   OMEGA(2,1)   OMEGA(2,2)   OMEGA(3,1)   OMEGA(3,2)   OMEGA(3,3)
 THETA1        8.59478E-01  7.84826E-01  1.05073E-03  6.29700E-02 -1.64251E+00 -4.11318E-02 -1.76199E-01 -5.18961E-04  0.00000E+00  2.06030E-02  6.09321E-03 -2.40140E-04 -4.36000E-03 -5.36432E-03 -2.57895E-03 -3.33572E-03
 THETA2        7.84826E-01  4.74210E+00  6.67920E-03  8.96526E-01  5.31764E+00 -2.52131E-02  6.87045E-02 -3.12567E-03  0.00000E+00  1.90856E-02  5.73980E-03 -2.19992E-02 -2.44779E-02 -1.95821E-02 -1.12216E-02  4.78859E-03
 THETA3        1.05073E-03  6.67920E-03  2.75922E-05  2.22269E-03 -3.04355E-02 -1.04883E-04 -1.35683E-04 -1.02658E-05  0.00000E+00  5.89818E-05  3.21218E-06 -6.51294E-05 -7.81938E-05 -6.76593E-05 -2.76252E-05  2.83097E-05
 THETA4        6.29700E-02  8.96526E-01  2.22269E-03  2.87078E-01  1.95811E-01 -1.06571E-02  1.55000E-02 -6.28838E-04  0.00000E+00  2.53788E-03  4.30468E-03 -6.21638E-03 -7.79632E-03 -4.55928E-03 -2.25358E-03  3.07430E-03
 THETA5       -1.64251E+00  5.31764E+00 -3.04355E-02  1.95811E-01  5.63835E+02  7.70176E-01 -6.33694E-01  4.55841E-02  0.00000E+00 -4.24311E-01  2.73913E-01  1.60551E-01  2.73617E-02 -5.50834E-03  7.46183E-02 -3.41613E-02
 THETA6       -4.11318E-02 -2.52131E-02 -1.04883E-04 -1.06571E-02  7.70176E-01  1.30087E-02  5.72209E-04  1.20518E-04  0.00000E+00 -1.04929E-03  1.65243E-03  3.04227E-04  5.99259E-04 -5.34503E-04 -5.46264E-05 -3.36875E-04
 THETA7       -1.76199E-01  6.87045E-02 -1.35683E-04  1.55000E-02 -6.33694E-01  5.72209E-04  1.13428E-01  1.16762E-04  0.00000E+00 -5.00147E-03 -7.03433E-03 -2.99555E-03  1.68328E-05  2.48002E-03 -3.09602E-04  8.05074E-05
 SIGMA(1,1)   -5.18961E-04 -3.12567E-03 -1.02658E-05 -6.28838E-04  4.55841E-02  1.20518E-04  1.16762E-04  2.89589E-05  0.00000E+00 -1.84227E-04 -2.11573E-05 -9.86003E-06 -2.59605E-06  5.30583E-06 -3.05373E-06 -1.65562E-05
 SIGMA(2,1)    0.00000E+00  0.00000E+00  0.00000E+00  0.00000E+00  0.00000E+00  0.00000E+00  0.00000E+00  0.00000E+00  0.00000E+00  0.00000E+00  0.00000E+00  0.00000E+00  0.00000E+00  0.00000E+00  0.00000E+00  0.00000E+00
 SIGMA(2,2)    2.06030E-02  1.90856E-02  5.89818E-05  2.53788E-03 -4.24311E-01 -1.04929E-03 -5.00147E-03 -1.84227E-04  0.00000E+00  4.57094E-03  3.11465E-04  2.71123E-04  9.28078E-05 -1.66074E-04  3.62771E-05 -1.78603E-04
 OMEGA(1,1)    6.09321E-03  5.73980E-03  3.21218E-06  4.30468E-03  2.73913E-01  1.65243E-03 -7.03433E-03 -2.11573E-05  0.00000E+00  3.11465E-04  2.38504E-03  7.80481E-04  2.62054E-04 -1.38865E-04  1.51915E-04 -5.83549E-05
 OMEGA(2,1)   -2.40140E-04 -2.19992E-02 -6.51294E-05 -6.21638E-03  1.60551E-01  3.04227E-04 -2.99555E-03 -9.86003E-06  0.00000E+00  2.71123E-04  7.80481E-04  1.01853E-03  8.20362E-04  1.35548E-04  1.70170E-04 -1.60133E-04
 OMEGA(2,2)   -4.36000E-03 -2.44779E-02 -7.81938E-05 -7.79632E-03  2.73617E-02  5.99259E-04  1.68328E-05 -2.59605E-06  0.00000E+00  9.28078E-05  2.62054E-04  8.20362E-04  9.83548E-04  2.10425E-04  7.12166E-05 -1.96074E-04
 OMEGA(3,1)   -5.36432E-03 -1.95821E-02 -6.76593E-05 -4.55928E-03 -5.50834E-03 -5.34503E-04  2.48002E-03  5.30583E-06  0.00000E+00 -1.66074E-04 -1.38865E-04  1.35548E-04  2.10425E-04  4.03111E-04  1.60551E-04 -4.89201E-05
 OMEGA(3,2)   -2.57895E-03 -1.12216E-02 -2.76252E-05 -2.25358E-03  7.46183E-02 -5.46264E-05 -3.09602E-04 -3.05373E-06  0.00000E+00  3.62771E-05  1.51915E-04  1.70170E-04  7.12166E-05  1.60551E-04  1.80216E-04 -2.42341E-05
 OMEGA(3,3)   -3.33572E-03  4.78859E-03  2.83097E-05  3.07430E-03 -3.41613E-02 -3.36875E-04  8.05074E-05 -1.65562E-05  0.00000E+00 -1.78603E-04 -5.83549E-05 -1.60133E-04 -1.96074E-04 -4.89201E-05 -2.42341E-05  2.61845E-04
